Image_Path,Predicted_Gender,True_Gender
/home/sarah/Deep-Learning/MS3/preprocessing/MS3_rawData/noFace/natural_images_cat_617.jpg,0,1
/home/sarah/Deep-Learning/MS3/preprocessing/MS3_rawData/noFace/animals10_sheep_1658.jpg,1,0
/home/sarah/Deep-Learning/MS3/preprocessing/MS3_rawData/UTKFace/31_0_face_19671.jpg,1,0
/home/sarah/Deep-Learning/MS3/preprocessing/MS3_rawData/noFace/animals10_elephant_323.jpg,1,0
/home/sarah/Deep-Learning/MS3/preprocessing/MS3_rawData/noFace/landscape_505.jpg,0,1
/home/sarah/Deep-Learning/MS3/preprocessing/MS3_rawData/UTKFace/26_1_face_13809.jpg,1,0
/home/sarah/Deep-Learning/MS3/preprocessing/MS3_rawData/noFace/natural_images_cat_55.jpg,1,0
/home/sarah/Deep-Learning/MS3/preprocessing/MS3_rawData/UTKFace/91_0_face_13133.jpg,1,0
/home/sarah/Deep-Learning/MS3/preprocessing/MS3_rawData/UTKFace/23_0_face_12848.jpg,1,0
/home/sarah/Deep-Learning/MS3/preprocessing/MS3_rawData/UTKFace/38_0_face_4558.jpg,1,0
/home/sarah/Deep-Learning/MS3/preprocessing/MS3_rawData/UTKFace/1_1_face_8433.jpg,0,1
/home/sarah/Deep-Learning/MS3/preprocessing/MS3_rawData/noFace/animals10_cat_1125.jpg,1,0
/home/sarah/Deep-Learning/MS3/preprocessing/MS3_rawData/noFace/animals10_chicken_2972.jpg,0,1
/home/sarah/Deep-Learning/MS3/preprocessing/MS3_rawData/noFace/animals10_chicken_269.jpg,0,1
/home/sarah/Deep-Learning/MS3/preprocessing/MS3_rawData/UTKFace/19_0_face_16881.jpg,1,0
/home/sarah/Deep-Learning/MS3/preprocessing/MS3_rawData/noFace/animals10_dog_1621.jpg,0,1
/home/sarah/Deep-Learning/MS3/preprocessing/MS3_rawData/UTKFace/37_0_face_20158.jpg,0,1
/home/sarah/Deep-Learning/MS3/preprocessing/MS3_rawData/noFace/animals10_spider_613.jpg,1,0
/home/sarah/Deep-Learning/MS3/preprocessing/MS3_rawData/noFace/animals10_cat_859.jpg,1,0
/home/sarah/Deep-Learning/MS3/preprocessing/MS3_rawData/noFace/animals10_horse_1127.jpg,0,1
/home/sarah/Deep-Learning/MS3/preprocessing/MS3_rawData/UTKFace/3_1_face_11147.jpg,1,0
/home/sarah/Deep-Learning/MS3/preprocessing/MS3_rawData/UTKFace/25_0_face_18624.jpg,1,0
/home/sarah/Deep-Learning/MS3/preprocessing/MS3_rawData/noFace/animals10_sheep_838.jpg,0,1
/home/sarah/Deep-Learning/MS3/preprocessing/MS3_rawData/UTKFace/96_1_face_18310.jpg,1,0
/home/sarah/Deep-Learning/MS3/preprocessing/MS3_rawData/noFace/animals10_cat_329.jpg,0,1
/home/sarah/Deep-Learning/MS3/preprocessing/MS3_rawData/UTKFace/12_1_face_13059.jpg,1,0
/home/sarah/Deep-Learning/MS3/preprocessing/MS3_rawData/UTKFace/49_0_face_1584.jpg,0,1
/home/sarah/Deep-Learning/MS3/preprocessing/MS3_rawData/noFace/animals10_cow_473.jpg,0,1
/home/sarah/Deep-Learning/MS3/preprocessing/MS3_rawData/noFace/animals10_dog_3664.jpg,0,1
/home/sarah/Deep-Learning/MS3/preprocessing/MS3_rawData/noFace/animals10_butterfly_496.jpg,0,1
/home/sarah/Deep-Learning/MS3/preprocessing/MS3_rawData/noFace/animals10_squirrel_459.jpg,1,0
/home/sarah/Deep-Learning/MS3/preprocessing/MS3_rawData/UTKFace/65_0_face_22212.jpg,1,0
/home/sarah/Deep-Learning/MS3/preprocessing/MS3_rawData/UTKFace/44_0_face_681.jpg,0,1
/home/sarah/Deep-Learning/MS3/preprocessing/MS3_rawData/noFace/animals10_spider_3886.jpg,1,0
/home/sarah/Deep-Learning/MS3/preprocessing/MS3_rawData/UTKFace/25_1_face_6256.jpg,0,1
/home/sarah/Deep-Learning/MS3/preprocessing/MS3_rawData/UTKFace/21_1_face_14678.jpg,0,1
/home/sarah/Deep-Learning/MS3/preprocessing/MS3_rawData/noFace/animals10_spider_3045.jpg,0,1
/home/sarah/Deep-Learning/MS3/preprocessing/MS3_rawData/noFace/animals10_dog_4683.jpg,0,1
/home/sarah/Deep-Learning/MS3/preprocessing/MS3_rawData/UTKFace/27_1_face_6093.jpg,1,0
/home/sarah/Deep-Learning/MS3/preprocessing/MS3_rawData/noFace/natural_images_airplane_299.jpg,1,0
/home/sarah/Deep-Learning/MS3/preprocessing/MS3_rawData/noFace/animals10_chicken_2386.jpg,0,1
/home/sarah/Deep-Learning/MS3/preprocessing/MS3_rawData/UTKFace/5_1_face_2580.jpg,0,1
/home/sarah/Deep-Learning/MS3/preprocessing/MS3_rawData/noFace/animals10_horse_581.jpg,1,0
/home/sarah/Deep-Learning/MS3/preprocessing/MS3_rawData/UTKFace/24_0_face_15535.jpg,1,0
/home/sarah/Deep-Learning/MS3/preprocessing/MS3_rawData/noFace/landscape_574.jpg,1,0
/home/sarah/Deep-Learning/MS3/preprocessing/MS3_rawData/UTKFace/10_1_face_18099.jpg,0,1
/home/sarah/Deep-Learning/MS3/preprocessing/MS3_rawData/UTKFace/30_1_face_3136.jpg,1,0
/home/sarah/Deep-Learning/MS3/preprocessing/MS3_rawData/noFace/natural_images_car_788.jpg,0,1
/home/sarah/Deep-Learning/MS3/preprocessing/MS3_rawData/UTKFace/21_1_face_21798.jpg,0,1
/home/sarah/Deep-Learning/MS3/preprocessing/MS3_rawData/UTKFace/24_0_face_6790.jpg,1,0
/home/sarah/Deep-Learning/MS3/preprocessing/MS3_rawData/noFace/natural_images_car_288.jpg,0,1
/home/sarah/Deep-Learning/MS3/preprocessing/MS3_rawData/noFace/landscape_2001.jpg,1,0
/home/sarah/Deep-Learning/MS3/preprocessing/MS3_rawData/noFace/animals10_elephant_1349.jpg,1,0
/home/sarah/Deep-Learning/MS3/preprocessing/MS3_rawData/UTKFace/26_0_face_3386.jpg,1,0
/home/sarah/Deep-Learning/MS3/preprocessing/MS3_rawData/noFace/natural_images_car_679.jpg,0,1
/home/sarah/Deep-Learning/MS3/preprocessing/MS3_rawData/noFace/animals10_horse_887.jpg,0,1
/home/sarah/Deep-Learning/MS3/preprocessing/MS3_rawData/UTKFace/67_0_face_10777.jpg,1,0
/home/sarah/Deep-Learning/MS3/preprocessing/MS3_rawData/UTKFace/25_1_face_9123.jpg,1,0
/home/sarah/Deep-Learning/MS3/preprocessing/MS3_rawData/UTKFace/32_1_face_6703.jpg,1,0
/home/sarah/Deep-Learning/MS3/preprocessing/MS3_rawData/UTKFace/73_1_face_12688.jpg,0,1
/home/sarah/Deep-Learning/MS3/preprocessing/MS3_rawData/UTKFace/54_0_face_2171.jpg,0,1
/home/sarah/Deep-Learning/MS3/preprocessing/MS3_rawData/UTKFace/25_1_face_17687.jpg,1,0
/home/sarah/Deep-Learning/MS3/preprocessing/MS3_rawData/noFace/landscape_1267.jpg,1,0
/home/sarah/Deep-Learning/MS3/preprocessing/MS3_rawData/UTKFace/36_1_face_11323.jpg,1,0
/home/sarah/Deep-Learning/MS3/preprocessing/MS3_rawData/noFace/animals10_spider_1412.jpg,1,0
/home/sarah/Deep-Learning/MS3/preprocessing/MS3_rawData/UTKFace/23_1_face_7727.jpg,0,1
/home/sarah/Deep-Learning/MS3/preprocessing/MS3_rawData/UTKFace/26_0_face_5706.jpg,1,0
/home/sarah/Deep-Learning/MS3/preprocessing/MS3_rawData/noFace/natural_images_airplane_600.jpg,1,0
/home/sarah/Deep-Learning/MS3/preprocessing/MS3_rawData/UTKFace/37_1_face_17504.jpg,0,1
/home/sarah/Deep-Learning/MS3/preprocessing/MS3_rawData/UTKFace/1_0_face_19555.jpg,1,0
/home/sarah/Deep-Learning/MS3/preprocessing/MS3_rawData/noFace/monkey_n7_83.jpg,1,0
/home/sarah/Deep-Learning/MS3/preprocessing/MS3_rawData/noFace/animals10_sheep_1212.jpg,0,1
/home/sarah/Deep-Learning/MS3/preprocessing/MS3_rawData/UTKFace/78_0_face_3393.jpg,1,0
/home/sarah/Deep-Learning/MS3/preprocessing/MS3_rawData/noFace/animals10_dog_122.jpg,0,1
/home/sarah/Deep-Learning/MS3/preprocessing/MS3_rawData/UTKFace/32_0_face_16367.jpg,1,0
/home/sarah/Deep-Learning/MS3/preprocessing/MS3_rawData/noFace/animals10_dog_680.jpg,1,0
/home/sarah/Deep-Learning/MS3/preprocessing/MS3_rawData/noFace/landscape_649.jpg,1,0
/home/sarah/Deep-Learning/MS3/preprocessing/MS3_rawData/noFace/animals10_dog_929.jpg,1,0
/home/sarah/Deep-Learning/MS3/preprocessing/MS3_rawData/noFace/animals10_cow_984.jpg,1,0
/home/sarah/Deep-Learning/MS3/preprocessing/MS3_rawData/UTKFace/34_1_face_3399.jpg,1,0
/home/sarah/Deep-Learning/MS3/preprocessing/MS3_rawData/noFace/animals10_dog_551.jpg,0,1
/home/sarah/Deep-Learning/MS3/preprocessing/MS3_rawData/UTKFace/50_1_face_2119.jpg,1,0
/home/sarah/Deep-Learning/MS3/preprocessing/MS3_rawData/UTKFace/24_0_face_15277.jpg,1,0
/home/sarah/Deep-Learning/MS3/preprocessing/MS3_rawData/UTKFace/29_0_face_2330.jpg,0,1
/home/sarah/Deep-Learning/MS3/preprocessing/MS3_rawData/UTKFace/26_0_face_20451.jpg,0,1
/home/sarah/Deep-Learning/MS3/preprocessing/MS3_rawData/UTKFace/37_0_face_2053.jpg,1,0
/home/sarah/Deep-Learning/MS3/preprocessing/MS3_rawData/UTKFace/30_0_face_2431.jpg,0,1
/home/sarah/Deep-Learning/MS3/preprocessing/MS3_rawData/UTKFace/24_0_face_16302.jpg,0,1
/home/sarah/Deep-Learning/MS3/preprocessing/MS3_rawData/noFace/animals10_chicken_784.jpg,1,0
/home/sarah/Deep-Learning/MS3/preprocessing/MS3_rawData/UTKFace/45_0_face_9680.jpg,1,0
/home/sarah/Deep-Learning/MS3/preprocessing/MS3_rawData/UTKFace/25_0_face_21537.jpg,0,1
/home/sarah/Deep-Learning/MS3/preprocessing/MS3_rawData/noFace/landscape_2777.jpg,0,1
/home/sarah/Deep-Learning/MS3/preprocessing/MS3_rawData/noFace/animals10_dog_2113.jpg,1,0
/home/sarah/Deep-Learning/MS3/preprocessing/MS3_rawData/noFace/landscape_247.jpg,1,0
/home/sarah/Deep-Learning/MS3/preprocessing/MS3_rawData/UTKFace/86_1_face_525.jpg,1,0
/home/sarah/Deep-Learning/MS3/preprocessing/MS3_rawData/UTKFace/22_1_face_12474.jpg,1,0
/home/sarah/Deep-Learning/MS3/preprocessing/MS3_rawData/noFace/animals10_butterfly_2052.jpg,1,0
/home/sarah/Deep-Learning/MS3/preprocessing/MS3_rawData/noFace/animals10_dog_1720.jpg,0,1
/home/sarah/Deep-Learning/MS3/preprocessing/MS3_rawData/noFace/animals10_horse_2144.jpg,0,1
/home/sarah/Deep-Learning/MS3/preprocessing/MS3_rawData/UTKFace/26_0_face_3685.jpg,0,1
/home/sarah/Deep-Learning/MS3/preprocessing/MS3_rawData/noFace/animals10_cow_370.jpg,1,0
/home/sarah/Deep-Learning/MS3/preprocessing/MS3_rawData/noFace/animals10_spider_4799.jpg,0,1
/home/sarah/Deep-Learning/MS3/preprocessing/MS3_rawData/noFace/animals10_horse_1836.jpg,0,1
/home/sarah/Deep-Learning/MS3/preprocessing/MS3_rawData/noFace/natural_images_car_103.jpg,1,0
/home/sarah/Deep-Learning/MS3/preprocessing/MS3_rawData/noFace/animals10_squirrel_1344.jpg,1,0
/home/sarah/Deep-Learning/MS3/preprocessing/MS3_rawData/noFace/animals10_horse_547.jpg,0,1
/home/sarah/Deep-Learning/MS3/preprocessing/MS3_rawData/noFace/animals10_chicken_1223.jpg,1,0
/home/sarah/Deep-Learning/MS3/preprocessing/MS3_rawData/UTKFace/43_0_face_17894.jpg,0,1
/home/sarah/Deep-Learning/MS3/preprocessing/MS3_rawData/UTKFace/60_0_face_2367.jpg,0,1
/home/sarah/Deep-Learning/MS3/preprocessing/MS3_rawData/UTKFace/8_0_face_22753.jpg,1,0
/home/sarah/Deep-Learning/MS3/preprocessing/MS3_rawData/UTKFace/32_0_face_1083.jpg,1,0
/home/sarah/Deep-Learning/MS3/preprocessing/MS3_rawData/UTKFace/85_1_face_8702.jpg,1,0
/home/sarah/Deep-Learning/MS3/preprocessing/MS3_rawData/noFace/natural_images_dog_295.jpg,1,0
/home/sarah/Deep-Learning/MS3/preprocessing/MS3_rawData/UTKFace/28_1_face_21567.jpg,1,0
/home/sarah/Deep-Learning/MS3/preprocessing/MS3_rawData/noFace/animals10_horse_467.jpg,1,0
/home/sarah/Deep-Learning/MS3/preprocessing/MS3_rawData/noFace/natural_images_motorbike_167.jpg,0,1
/home/sarah/Deep-Learning/MS3/preprocessing/MS3_rawData/noFace/landscape_1710.jpg,1,0
/home/sarah/Deep-Learning/MS3/preprocessing/MS3_rawData/UTKFace/40_0_face_15296.jpg,1,0
/home/sarah/Deep-Learning/MS3/preprocessing/MS3_rawData/noFace/natural_images_dog_561.jpg,0,1
/home/sarah/Deep-Learning/MS3/preprocessing/MS3_rawData/UTKFace/7_1_face_13695.jpg,0,1
/home/sarah/Deep-Learning/MS3/preprocessing/MS3_rawData/noFace/animals10_butterfly_1400.jpg,1,0
/home/sarah/Deep-Learning/MS3/preprocessing/MS3_rawData/noFace/animals10_dog_1937.jpg,1,0
/home/sarah/Deep-Learning/MS3/preprocessing/MS3_rawData/UTKFace/24_0_face_12320.jpg,0,1
/home/sarah/Deep-Learning/MS3/preprocessing/MS3_rawData/noFace/animals10_spider_357.jpg,0,1
/home/sarah/Deep-Learning/MS3/preprocessing/MS3_rawData/UTKFace/26_0_face_21990.jpg,1,0
/home/sarah/Deep-Learning/MS3/preprocessing/MS3_rawData/UTKFace/17_0_face_5172.jpg,1,0
/home/sarah/Deep-Learning/MS3/preprocessing/MS3_rawData/noFace/animals10_chicken_1323.jpg,0,1
/home/sarah/Deep-Learning/MS3/preprocessing/MS3_rawData/UTKFace/44_0_face_12543.jpg,2,0
/home/sarah/Deep-Learning/MS3/preprocessing/MS3_rawData/noFace/animals10_spider_204.jpg,1,0
/home/sarah/Deep-Learning/MS3/preprocessing/MS3_rawData/UTKFace/26_1_face_4823.jpg,0,1
/home/sarah/Deep-Learning/MS3/preprocessing/MS3_rawData/noFace/animals10_cow_102.jpg,0,1
/home/sarah/Deep-Learning/MS3/preprocessing/MS3_rawData/UTKFace/56_0_face_7507.jpg,1,0
/home/sarah/Deep-Learning/MS3/preprocessing/MS3_rawData/UTKFace/24_0_face_11459.jpg,0,1
/home/sarah/Deep-Learning/MS3/preprocessing/MS3_rawData/UTKFace/23_1_face_7915.jpg,0,1
/home/sarah/Deep-Learning/MS3/preprocessing/MS3_rawData/noFace/landscape_1930.jpg,1,0
/home/sarah/Deep-Learning/MS3/preprocessing/MS3_rawData/noFace/animals10_chicken_2932.jpg,0,1
/home/sarah/Deep-Learning/MS3/preprocessing/MS3_rawData/UTKFace/26_1_face_20410.jpg,1,0
/home/sarah/Deep-Learning/MS3/preprocessing/MS3_rawData/noFace/natural_images_motorbike_338.jpg,1,0
/home/sarah/Deep-Learning/MS3/preprocessing/MS3_rawData/noFace/animals10_chicken_1888.jpg,0,1
/home/sarah/Deep-Learning/MS3/preprocessing/MS3_rawData/UTKFace/32_0_face_19804.jpg,0,1
/home/sarah/Deep-Learning/MS3/preprocessing/MS3_rawData/UTKFace/68_1_face_13150.jpg,1,0
/home/sarah/Deep-Learning/MS3/preprocessing/MS3_rawData/UTKFace/35_1_face_10659.jpg,1,0
/home/sarah/Deep-Learning/MS3/preprocessing/MS3_rawData/UTKFace/1_1_face_5846.jpg,1,0
/home/sarah/Deep-Learning/MS3/preprocessing/MS3_rawData/noFace/natural_images_cat_98.jpg,0,1
/home/sarah/Deep-Learning/MS3/preprocessing/MS3_rawData/noFace/animals10_cat_707.jpg,0,1
/home/sarah/Deep-Learning/MS3/preprocessing/MS3_rawData/UTKFace/29_0_face_3754.jpg,1,0
/home/sarah/Deep-Learning/MS3/preprocessing/MS3_rawData/UTKFace/36_1_face_18781.jpg,0,1
/home/sarah/Deep-Learning/MS3/preprocessing/MS3_rawData/noFace/animals10_butterfly_1669.jpg,0,1
/home/sarah/Deep-Learning/MS3/preprocessing/MS3_rawData/noFace/animals10_spider_4547.jpg,0,1
/home/sarah/Deep-Learning/MS3/preprocessing/MS3_rawData/noFace/animals10_sheep_572.jpg,0,1
/home/sarah/Deep-Learning/MS3/preprocessing/MS3_rawData/UTKFace/40_1_face_22578.jpg,1,0
/home/sarah/Deep-Learning/MS3/preprocessing/MS3_rawData/UTKFace/38_0_face_1320.jpg,0,1
/home/sarah/Deep-Learning/MS3/preprocessing/MS3_rawData/noFace/landscape_4189.jpg,1,0
/home/sarah/Deep-Learning/MS3/preprocessing/MS3_rawData/UTKFace/24_0_face_17292.jpg,1,0
/home/sarah/Deep-Learning/MS3/preprocessing/MS3_rawData/noFace/animals10_elephant_1369.jpg,1,0
/home/sarah/Deep-Learning/MS3/preprocessing/MS3_rawData/UTKFace/42_1_face_18904.jpg,0,1
/home/sarah/Deep-Learning/MS3/preprocessing/MS3_rawData/noFace/landscape_2302.jpg,1,0
/home/sarah/Deep-Learning/MS3/preprocessing/MS3_rawData/UTKFace/60_1_face_14685.jpg,0,1
/home/sarah/Deep-Learning/MS3/preprocessing/MS3_rawData/noFace/animals10_sheep_1162.jpg,1,0
/home/sarah/Deep-Learning/MS3/preprocessing/MS3_rawData/UTKFace/26_1_face_12824.jpg,1,0
/home/sarah/Deep-Learning/MS3/preprocessing/MS3_rawData/UTKFace/58_1_face_11817.jpg,0,1
/home/sarah/Deep-Learning/MS3/preprocessing/MS3_rawData/noFace/landscape_1932.jpg,1,0
/home/sarah/Deep-Learning/MS3/preprocessing/MS3_rawData/UTKFace/24_1_face_5994.jpg,1,0
/home/sarah/Deep-Learning/MS3/preprocessing/MS3_rawData/noFace/animals10_chicken_2992.jpg,1,0
/home/sarah/Deep-Learning/MS3/preprocessing/MS3_rawData/noFace/animals10_butterfly_695.jpg,0,1
/home/sarah/Deep-Learning/MS3/preprocessing/MS3_rawData/noFace/natural_images_flower_529.jpg,0,1
/home/sarah/Deep-Learning/MS3/preprocessing/MS3_rawData/noFace/monkey_n9_82.jpg,1,0
/home/sarah/Deep-Learning/MS3/preprocessing/MS3_rawData/UTKFace/25_1_face_8447.jpg,1,0
/home/sarah/Deep-Learning/MS3/preprocessing/MS3_rawData/noFace/animals10_spider_3367.jpg,0,1
/home/sarah/Deep-Learning/MS3/preprocessing/MS3_rawData/UTKFace/7_0_face_19884.jpg,1,0
/home/sarah/Deep-Learning/MS3/preprocessing/MS3_rawData/UTKFace/1_1_face_21517.jpg,0,1
/home/sarah/Deep-Learning/MS3/preprocessing/MS3_rawData/UTKFace/35_0_face_817.jpg,1,0
/home/sarah/Deep-Learning/MS3/preprocessing/MS3_rawData/UTKFace/23_1_face_21792.jpg,0,1
/home/sarah/Deep-Learning/MS3/preprocessing/MS3_rawData/UTKFace/90_0_face_5558.jpg,0,1
/home/sarah/Deep-Learning/MS3/preprocessing/MS3_rawData/noFace/natural_images_fruit_681.jpg,1,0
/home/sarah/Deep-Learning/MS3/preprocessing/MS3_rawData/UTKFace/2_1_face_17633.jpg,1,0
/home/sarah/Deep-Learning/MS3/preprocessing/MS3_rawData/UTKFace/61_0_face_23127.jpg,1,0
/home/sarah/Deep-Learning/MS3/preprocessing/MS3_rawData/noFace/animals10_dog_1618.jpg,0,1
/home/sarah/Deep-Learning/MS3/preprocessing/MS3_rawData/UTKFace/66_1_face_550.jpg,1,0
/home/sarah/Deep-Learning/MS3/preprocessing/MS3_rawData/UTKFace/26_1_face_6878.jpg,1,0
/home/sarah/Deep-Learning/MS3/preprocessing/MS3_rawData/UTKFace/37_1_face_16388.jpg,1,0
/home/sarah/Deep-Learning/MS3/preprocessing/MS3_rawData/noFace/landscape_3946.jpg,0,1
/home/sarah/Deep-Learning/MS3/preprocessing/MS3_rawData/UTKFace/21_1_face_7071.jpg,0,1
/home/sarah/Deep-Learning/MS3/preprocessing/MS3_rawData/UTKFace/67_0_face_18293.jpg,1,0
/home/sarah/Deep-Learning/MS3/preprocessing/MS3_rawData/noFace/animals10_chicken_3085.jpg,1,0
/home/sarah/Deep-Learning/MS3/preprocessing/MS3_rawData/UTKFace/26_1_face_19153.jpg,1,0
/home/sarah/Deep-Learning/MS3/preprocessing/MS3_rawData/noFace/animals10_dog_2772.jpg,1,0
/home/sarah/Deep-Learning/MS3/preprocessing/MS3_rawData/UTKFace/27_1_face_8039.jpg,0,1
/home/sarah/Deep-Learning/MS3/preprocessing/MS3_rawData/UTKFace/1_0_face_19103.jpg,0,1
/home/sarah/Deep-Learning/MS3/preprocessing/MS3_rawData/noFace/landscape_861.jpg,0,1
/home/sarah/Deep-Learning/MS3/preprocessing/MS3_rawData/UTKFace/26_0_face_18278.jpg,1,0
/home/sarah/Deep-Learning/MS3/preprocessing/MS3_rawData/noFace/animals10_chicken_2850.jpg,1,0
/home/sarah/Deep-Learning/MS3/preprocessing/MS3_rawData/UTKFace/26_1_face_19128.jpg,1,0
/home/sarah/Deep-Learning/MS3/preprocessing/MS3_rawData/noFace/natural_images_cat_875.jpg,0,1
/home/sarah/Deep-Learning/MS3/preprocessing/MS3_rawData/noFace/animals10_dog_2288.jpg,1,0
/home/sarah/Deep-Learning/MS3/preprocessing/MS3_rawData/noFace/animals10_cow_185.jpg,0,1
/home/sarah/Deep-Learning/MS3/preprocessing/MS3_rawData/UTKFace/7_1_face_16840.jpg,0,1
/home/sarah/Deep-Learning/MS3/preprocessing/MS3_rawData/UTKFace/10_0_face_8074.jpg,1,0
/home/sarah/Deep-Learning/MS3/preprocessing/MS3_rawData/UTKFace/27_1_face_22861.jpg,1,0
/home/sarah/Deep-Learning/MS3/preprocessing/MS3_rawData/UTKFace/35_0_face_18126.jpg,1,0
/home/sarah/Deep-Learning/MS3/preprocessing/MS3_rawData/noFace/animals10_dog_4260.jpg,0,1
/home/sarah/Deep-Learning/MS3/preprocessing/MS3_rawData/noFace/animals10_butterfly_80.jpg,1,0
/home/sarah/Deep-Learning/MS3/preprocessing/MS3_rawData/UTKFace/90_1_face_8090.jpg,0,1
/home/sarah/Deep-Learning/MS3/preprocessing/MS3_rawData/UTKFace/33_0_face_5230.jpg,1,0
/home/sarah/Deep-Learning/MS3/preprocessing/MS3_rawData/noFace/natural_images_fruit_153.jpg,0,1
/home/sarah/Deep-Learning/MS3/preprocessing/MS3_rawData/UTKFace/27_1_face_1182.jpg,0,1
/home/sarah/Deep-Learning/MS3/preprocessing/MS3_rawData/UTKFace/28_0_face_8382.jpg,1,0
/home/sarah/Deep-Learning/MS3/preprocessing/MS3_rawData/noFace/animals10_spider_3221.jpg,0,1
/home/sarah/Deep-Learning/MS3/preprocessing/MS3_rawData/UTKFace/1_1_face_8718.jpg,0,1
/home/sarah/Deep-Learning/MS3/preprocessing/MS3_rawData/UTKFace/24_0_face_9646.jpg,0,1
/home/sarah/Deep-Learning/MS3/preprocessing/MS3_rawData/UTKFace/48_1_face_4014.jpg,1,0
/home/sarah/Deep-Learning/MS3/preprocessing/MS3_rawData/UTKFace/9_0_face_3920.jpg,1,0
/home/sarah/Deep-Learning/MS3/preprocessing/MS3_rawData/UTKFace/35_0_face_14507.jpg,1,0
/home/sarah/Deep-Learning/MS3/preprocessing/MS3_rawData/noFace/animals10_chicken_562.jpg,1,0
/home/sarah/Deep-Learning/MS3/preprocessing/MS3_rawData/UTKFace/24_0_face_20760.jpg,1,0
/home/sarah/Deep-Learning/MS3/preprocessing/MS3_rawData/UTKFace/28_0_face_10488.jpg,1,0
/home/sarah/Deep-Learning/MS3/preprocessing/MS3_rawData/UTKFace/30_0_face_17380.jpg,0,1
/home/sarah/Deep-Learning/MS3/preprocessing/MS3_rawData/noFace/natural_images_motorbike_38.jpg,1,0
/home/sarah/Deep-Learning/MS3/preprocessing/MS3_rawData/UTKFace/32_0_face_11625.jpg,1,0
/home/sarah/Deep-Learning/MS3/preprocessing/MS3_rawData/UTKFace/24_1_face_8367.jpg,1,0
/home/sarah/Deep-Learning/MS3/preprocessing/MS3_rawData/noFace/animals10_sheep_175.jpg,0,1
/home/sarah/Deep-Learning/MS3/preprocessing/MS3_rawData/UTKFace/45_0_face_6479.jpg,1,0
/home/sarah/Deep-Learning/MS3/preprocessing/MS3_rawData/noFace/natural_images_flower_100.jpg,1,0
/home/sarah/Deep-Learning/MS3/preprocessing/MS3_rawData/UTKFace/57_0_face_5127.jpg,1,0
/home/sarah/Deep-Learning/MS3/preprocessing/MS3_rawData/UTKFace/47_0_face_8683.jpg,0,1
/home/sarah/Deep-Learning/MS3/preprocessing/MS3_rawData/UTKFace/5_1_face_15212.jpg,0,1
/home/sarah/Deep-Learning/MS3/preprocessing/MS3_rawData/UTKFace/67_1_face_6371.jpg,1,0
/home/sarah/Deep-Learning/MS3/preprocessing/MS3_rawData/UTKFace/34_1_face_11242.jpg,1,0
/home/sarah/Deep-Learning/MS3/preprocessing/MS3_rawData/noFace/landscape_125.jpg,1,0
/home/sarah/Deep-Learning/MS3/preprocessing/MS3_rawData/UTKFace/25_0_face_7206.jpg,0,1
/home/sarah/Deep-Learning/MS3/preprocessing/MS3_rawData/UTKFace/56_1_face_5131.jpg,1,0
/home/sarah/Deep-Learning/MS3/preprocessing/MS3_rawData/noFace/animals10_spider_744.jpg,0,1
/home/sarah/Deep-Learning/MS3/preprocessing/MS3_rawData/UTKFace/5_0_face_6316.jpg,1,0
/home/sarah/Deep-Learning/MS3/preprocessing/MS3_rawData/noFace/animals10_dog_116.jpg,1,0
/home/sarah/Deep-Learning/MS3/preprocessing/MS3_rawData/noFace/animals10_cow_1825.jpg,1,0
/home/sarah/Deep-Learning/MS3/preprocessing/MS3_rawData/noFace/animals10_sheep_1325.jpg,1,0
/home/sarah/Deep-Learning/MS3/preprocessing/MS3_rawData/UTKFace/56_0_face_18179.jpg,1,0
/home/sarah/Deep-Learning/MS3/preprocessing/MS3_rawData/noFace/animals10_squirrel_711.jpg,1,0
/home/sarah/Deep-Learning/MS3/preprocessing/MS3_rawData/UTKFace/40_1_face_2266.jpg,0,1
/home/sarah/Deep-Learning/MS3/preprocessing/MS3_rawData/noFace/animals10_dog_4635.jpg,1,0
/home/sarah/Deep-Learning/MS3/preprocessing/MS3_rawData/noFace/animals10_cow_179.jpg,1,0
/home/sarah/Deep-Learning/MS3/preprocessing/MS3_rawData/noFace/animals10_cow_34.jpg,0,1
/home/sarah/Deep-Learning/MS3/preprocessing/MS3_rawData/UTKFace/8_1_face_20023.jpg,0,1
/home/sarah/Deep-Learning/MS3/preprocessing/MS3_rawData/noFace/natural_images_fruit_521.jpg,0,1
/home/sarah/Deep-Learning/MS3/preprocessing/MS3_rawData/noFace/animals10_cat_1524.jpg,1,0
/home/sarah/Deep-Learning/MS3/preprocessing/MS3_rawData/noFace/animals10_horse_2087.jpg,0,1
/home/sarah/Deep-Learning/MS3/preprocessing/MS3_rawData/UTKFace/26_1_face_4727.jpg,1,0
/home/sarah/Deep-Learning/MS3/preprocessing/MS3_rawData/UTKFace/35_0_face_16439.jpg,0,1
/home/sarah/Deep-Learning/MS3/preprocessing/MS3_rawData/UTKFace/29_0_face_8144.jpg,1,0
/home/sarah/Deep-Learning/MS3/preprocessing/MS3_rawData/UTKFace/22_1_face_18764.jpg,0,1
/home/sarah/Deep-Learning/MS3/preprocessing/MS3_rawData/noFace/animals10_horse_1469.jpg,0,1
/home/sarah/Deep-Learning/MS3/preprocessing/MS3_rawData/noFace/animals10_chicken_1749.jpg,1,0
/home/sarah/Deep-Learning/MS3/preprocessing/MS3_rawData/noFace/animals10_chicken_847.jpg,1,0
/home/sarah/Deep-Learning/MS3/preprocessing/MS3_rawData/noFace/animals10_dog_2244.jpg,1,0
/home/sarah/Deep-Learning/MS3/preprocessing/MS3_rawData/UTKFace/26_1_face_20510.jpg,1,0
/home/sarah/Deep-Learning/MS3/preprocessing/MS3_rawData/UTKFace/50_0_face_13675.jpg,0,1
/home/sarah/Deep-Learning/MS3/preprocessing/MS3_rawData/UTKFace/9_0_face_18643.jpg,1,0
/home/sarah/Deep-Learning/MS3/preprocessing/MS3_rawData/noFace/animals10_dog_4510.jpg,1,0
/home/sarah/Deep-Learning/MS3/preprocessing/MS3_rawData/UTKFace/22_1_face_12459.jpg,1,0
/home/sarah/Deep-Learning/MS3/preprocessing/MS3_rawData/noFace/natural_images_fruit_494.jpg,1,0
/home/sarah/Deep-Learning/MS3/preprocessing/MS3_rawData/UTKFace/26_1_face_8965.jpg,0,1
/home/sarah/Deep-Learning/MS3/preprocessing/MS3_rawData/noFace/animals10_spider_2762.jpg,1,0
/home/sarah/Deep-Learning/MS3/preprocessing/MS3_rawData/UTKFace/70_0_face_5926.jpg,1,0
/home/sarah/Deep-Learning/MS3/preprocessing/MS3_rawData/UTKFace/30_1_face_20871.jpg,1,0
/home/sarah/Deep-Learning/MS3/preprocessing/MS3_rawData/noFace/animals10_spider_4243.jpg,1,0
/home/sarah/Deep-Learning/MS3/preprocessing/MS3_rawData/UTKFace/40_0_face_18378.jpg,1,0
/home/sarah/Deep-Learning/MS3/preprocessing/MS3_rawData/noFace/landscape_2309.jpg,0,1
/home/sarah/Deep-Learning/MS3/preprocessing/MS3_rawData/UTKFace/61_0_face_10779.jpg,0,1
/home/sarah/Deep-Learning/MS3/preprocessing/MS3_rawData/UTKFace/26_1_face_5097.jpg,1,0
/home/sarah/Deep-Learning/MS3/preprocessing/MS3_rawData/noFace/animals10_horse_656.jpg,1,0
/home/sarah/Deep-Learning/MS3/preprocessing/MS3_rawData/noFace/landscape_3066.jpg,1,0
/home/sarah/Deep-Learning/MS3/preprocessing/MS3_rawData/noFace/animals10_chicken_1152.jpg,1,0
/home/sarah/Deep-Learning/MS3/preprocessing/MS3_rawData/UTKFace/32_1_face_16111.jpg,0,1
/home/sarah/Deep-Learning/MS3/preprocessing/MS3_rawData/UTKFace/2_1_face_19619.jpg,1,0
/home/sarah/Deep-Learning/MS3/preprocessing/MS3_rawData/UTKFace/36_0_face_4464.jpg,0,1
/home/sarah/Deep-Learning/MS3/preprocessing/MS3_rawData/UTKFace/24_0_face_1979.jpg,1,0
/home/sarah/Deep-Learning/MS3/preprocessing/MS3_rawData/noFace/animals10_dog_2770.jpg,1,0
/home/sarah/Deep-Learning/MS3/preprocessing/MS3_rawData/noFace/animals10_horse_2071.jpg,1,0
/home/sarah/Deep-Learning/MS3/preprocessing/MS3_rawData/UTKFace/36_0_face_10296.jpg,1,0
/home/sarah/Deep-Learning/MS3/preprocessing/MS3_rawData/UTKFace/76_0_face_14870.jpg,0,1
/home/sarah/Deep-Learning/MS3/preprocessing/MS3_rawData/UTKFace/2_1_face_12450.jpg,0,1
/home/sarah/Deep-Learning/MS3/preprocessing/MS3_rawData/UTKFace/22_0_face_22053.jpg,0,1
/home/sarah/Deep-Learning/MS3/preprocessing/MS3_rawData/UTKFace/53_0_face_6636.jpg,0,1
/home/sarah/Deep-Learning/MS3/preprocessing/MS3_rawData/noFace/animals10_cow_1135.jpg,1,0
/home/sarah/Deep-Learning/MS3/preprocessing/MS3_rawData/UTKFace/41_0_face_4965.jpg,1,0
/home/sarah/Deep-Learning/MS3/preprocessing/MS3_rawData/noFace/animals10_spider_3787.jpg,0,1
/home/sarah/Deep-Learning/MS3/preprocessing/MS3_rawData/noFace/animals10_spider_1568.jpg,1,0
/home/sarah/Deep-Learning/MS3/preprocessing/MS3_rawData/UTKFace/26_1_face_13505.jpg,0,1
/home/sarah/Deep-Learning/MS3/preprocessing/MS3_rawData/UTKFace/86_1_face_6430.jpg,1,0
/home/sarah/Deep-Learning/MS3/preprocessing/MS3_rawData/UTKFace/34_0_face_2381.jpg,1,0
/home/sarah/Deep-Learning/MS3/preprocessing/MS3_rawData/UTKFace/3_1_face_1810.jpg,0,1
/home/sarah/Deep-Learning/MS3/preprocessing/MS3_rawData/noFace/natural_images_flower_252.jpg,1,0
/home/sarah/Deep-Learning/MS3/preprocessing/MS3_rawData/noFace/landscape_3287.jpg,1,0
/home/sarah/Deep-Learning/MS3/preprocessing/MS3_rawData/UTKFace/58_0_face_21186.jpg,1,0
/home/sarah/Deep-Learning/MS3/preprocessing/MS3_rawData/noFace/animals10_chicken_879.jpg,1,0
/home/sarah/Deep-Learning/MS3/preprocessing/MS3_rawData/noFace/animals10_sheep_1548.jpg,1,0
/home/sarah/Deep-Learning/MS3/preprocessing/MS3_rawData/UTKFace/61_1_face_7530.jpg,1,0
/home/sarah/Deep-Learning/MS3/preprocessing/MS3_rawData/UTKFace/2_0_face_13835.jpg,0,1
/home/sarah/Deep-Learning/MS3/preprocessing/MS3_rawData/noFace/animals10_cow_930.jpg,1,0
/home/sarah/Deep-Learning/MS3/preprocessing/MS3_rawData/UTKFace/15_0_face_19639.jpg,0,1
/home/sarah/Deep-Learning/MS3/preprocessing/MS3_rawData/UTKFace/25_1_face_20495.jpg,0,1
/home/sarah/Deep-Learning/MS3/preprocessing/MS3_rawData/noFace/landscape_1350.jpg,1,0
/home/sarah/Deep-Learning/MS3/preprocessing/MS3_rawData/UTKFace/33_1_face_10597.jpg,1,0
/home/sarah/Deep-Learning/MS3/preprocessing/MS3_rawData/UTKFace/55_0_face_15193.jpg,1,0
/home/sarah/Deep-Learning/MS3/preprocessing/MS3_rawData/noFace/natural_images_car_420.jpg,0,1
/home/sarah/Deep-Learning/MS3/preprocessing/MS3_rawData/UTKFace/24_1_face_1338.jpg,1,0
/home/sarah/Deep-Learning/MS3/preprocessing/MS3_rawData/UTKFace/35_0_face_74.jpg,1,0
/home/sarah/Deep-Learning/MS3/preprocessing/MS3_rawData/noFace/animals10_spider_3362.jpg,1,0
/home/sarah/Deep-Learning/MS3/preprocessing/MS3_rawData/noFace/animals10_horse_1848.jpg,1,0
/home/sarah/Deep-Learning/MS3/preprocessing/MS3_rawData/noFace/natural_images_flower_125.jpg,0,1
/home/sarah/Deep-Learning/MS3/preprocessing/MS3_rawData/noFace/landscape_3607.jpg,1,0
/home/sarah/Deep-Learning/MS3/preprocessing/MS3_rawData/UTKFace/5_1_face_22505.jpg,0,1
/home/sarah/Deep-Learning/MS3/preprocessing/MS3_rawData/noFace/animals10_sheep_975.jpg,1,0
/home/sarah/Deep-Learning/MS3/preprocessing/MS3_rawData/noFace/animals10_elephant_1111.jpg,1,0
/home/sarah/Deep-Learning/MS3/preprocessing/MS3_rawData/UTKFace/2_0_face_16371.jpg,0,1
/home/sarah/Deep-Learning/MS3/preprocessing/MS3_rawData/UTKFace/10_1_face_2782.jpg,1,0
/home/sarah/Deep-Learning/MS3/preprocessing/MS3_rawData/noFace/animals10_spider_3447.jpg,0,1
/home/sarah/Deep-Learning/MS3/preprocessing/MS3_rawData/noFace/landscape_279.jpg,1,0
/home/sarah/Deep-Learning/MS3/preprocessing/MS3_rawData/noFace/natural_images_car_921.jpg,1,0
/home/sarah/Deep-Learning/MS3/preprocessing/MS3_rawData/UTKFace/23_1_face_8810.jpg,1,0
/home/sarah/Deep-Learning/MS3/preprocessing/MS3_rawData/UTKFace/84_1_face_15861.jpg,1,0
/home/sarah/Deep-Learning/MS3/preprocessing/MS3_rawData/UTKFace/24_0_face_1637.jpg,1,0
